0	1	1000
0	4	500	
0	2	400
1	0	1000
1	6	700	
1	5	500	
1	3	300
2	0	400	
2	4	500
2	9	800	
3	1	300	
3	5	500	
3	13	800
4	0	500	
4	2	500
4	8	400	
4	7	300
5	1	500
5	3	500
5	12	300	
5	13	300
5	6	400
6	1	700
6	5	400
6	12	200
6	7	400
7	4	300
7	6	400
7	8	300	
7	11	400
8	4	400
8	9	500	
8	10	300	
8	15	500
8	11	400	
8	7	300	
9	2	800	
9	8	500	
9	10	500	
9	17	600	
10	8	300	
10	9	500	
10	17	400	
10	16	200	
11	8	400	
11	7	400
11	12	300	
11	14	200
11	15	300
12	5	300	
12	6	200
12	11	300	
12	13	300	
13	3	800
13	5	300
13	12	300	
13	14	400	
13	21	400
13	24	500	
14	13	400	
14	11	200
14	20	100
14	21	400	
15	11	300
15	8	500
15	16	400	
15	19	300
15	20	200
16	15	400		
16	19	600	
16	23	800
16	10	200	
16	18	500	
16	17	200	
17	9	600	
17	10	400	
17	16	200	
17	18	300	
18	17	300	
18	16	500	
18	23	700	
18	22	800	
19	20	200
19	15	300
19	16	600	
19	23	500	
20	14	100
20	15	200
20	19	200
20	21	300	
21	20	300	
21	14	400
21	13	400	
21	24	400
21	26	500	
22	18	800	
22	23	1100	
23	22	1100	
23	18	700
23	16	800	
23	19	500	
24	13	500
24	21	400	
24	26	400
24	25	600
25	24	600
25	26	500
26	25	500
26	24	400
26	21	500	
